Epoch,Training Loss
1,2.7423
2,2.2442
3,1.6351
4,1.0524
5,0.7760
6,0.7183
7,0.6685
8,0.6106
9,0.5693
10,0.5381
11,0.5116
12,0.4880
13,0.4667
14,0.4478
15,0.4324
16,0.4204
17,0.4104
18,0.4006
19,0.3897
20,0.3777
21,0.3657
22,0.3544
23,0.3441
24,0.3344
25,0.3244
26,0.3139
27,0.3029
28,0.2920
29,0.2818
30,0.2724
31,0.2638
32,0.2554
33,0.2466
34,0.2379
35,0.2295
36,0.2219
37,0.2148
38,0.2079
39,0.2011
40,0.1945
41,0.1882
42,0.1823
43,0.1766
44,0.1710
45,0.1657
46,0.1607
47,0.1558
48,0.1510
49,0.1465
50,0.1422
51,0.1381
52,0.1340
53,0.1301
54,0.1262
55,0.1225
56,0.1188
57,0.1152
58,0.1117
59,0.1083
60,0.1050
61,0.1018
62,0.0987
63,0.0957
64,0.0927
65,0.0899
66,0.0871
67,0.0845
68,0.0819
69,0.0793
70,0.0769
71,0.0745
72,0.0722
73,0.0700
74,0.0679
75,0.0658
76,0.0638
77,0.0619
78,0.0600
79,0.0582
80,0.0564
81,0.0547
82,0.0531
83,0.0515
84,0.0500
85,0.0485
86,0.0471
87,0.0457
88,0.0444
89,0.0431
90,0.0418
91,0.0406
92,0.0394
93,0.0383
94,0.0372
95,0.0362
96,0.0352
97,0.0342
98,0.0332
99,0.0323
100,0.0314
